version https://git-lfs.github.com/spec/v1
oid sha256:51815abc5ebb82a424080fc44b10e40b73a7473f57a45031874710839fe136af
size 3427076
